%YAML:1.0
---
calibration_time: "Tue Apr  2 14:28:18 2019"
image_width: 1280
image_height: 1024
board_width: 11
board_height: 8
square_size: 30.
aspectRatio: 1.
flags: 2
camera_matrix: !!opencv-matrix
   rows: 3
   cols: 3
   dt: d
   data: [ 2.419128343195550e+03, 0.943453263130733, 5.764543077579378e+02, 0.,
       2.418354228183528e+03, 5.526957147621707e+02, 0., 0., 1. ]
distortion_coefficients: !!opencv-matrix
   rows: 4
   cols: 1
   dt: d
   data: [ -0.083040867701213, -0.221762014386391,
       7.438080617793502e-04, -0.004960934074848 ]
avg_reprojection_error: 2.0106165684356048e-01
