%YAML:1.0
---
calibration_time: "Tue Apr  2 14:28:18 2019"
image_width: 1280
image_height: 1024
board_width: 11
board_height: 8
square_size: 30.
aspectRatio: 1.
flags: 2
camera_matrix: !!opencv-matrix
   rows: 3
   cols: 3
   dt: d
   data: [ 2.4188753857320721e+03, 0., 5.7164331421986378e+02, 0.,
       2.4188753857320721e+03, 5.5079334958877484e+02, 0., 0., 1. ]
distortion_coefficients: !!opencv-matrix
   rows: 5
   cols: 1
   dt: d
   data: [ -5.8824500888140119e-02, -1.7593331269974366e+00,
       2.7856122002159212e-04, -5.2874507348734728e-03,
       2.9698538736651852e+01 ]
avg_reprojection_error: 2.0106165684356048e-01
